[1,   200] loss: 30.724
[1,   400] loss: 16.265
[1,   600] loss: 13.986
[1,   800] loss: 12.259
[1,  1000] loss: 11.321
[2,   200] loss: 10.383
[2,   400] loss: 9.558
[2,   600] loss: 9.012
[2,   800] loss: 8.545
[2,  1000] loss: 8.446
[3,   200] loss: 8.300
[3,   400] loss: 7.340
[3,   600] loss: 7.647
[3,   800] loss: 7.086
[3,  1000] loss: 7.514
[4,   200] loss: 7.541
[4,   400] loss: 6.921
[4,   600] loss: 7.138
[4,   800] loss: 6.539
[4,  1000] loss: 7.539
[5,   200] loss: 7.594
[5,   400] loss: 6.328
[5,   600] loss: 6.596
[5,   800] loss: 5.992
[5,  1000] loss: 7.411
[6,   400] loss: 6.081
[6,   600] loss: 6.386
[6,   800] loss: 5.991
[6,  1000] loss: 7.383
[7,   200] loss: 6.872
[7,   400] loss: 5.977
[7,   600] loss: 6.196
[7,   800] loss: 5.794
[7,  1000] loss: 7.685
[8,   200] loss: 7.504
[8,   400] loss: 6.143
[8,   600] loss: 6.268
[8,   800] loss: 5.624
[8,  1000] loss: 8.226
[9,   200] loss: 7.314
[9,   400] loss: 5.985
[9,   600] loss: 6.225
[9,   800] loss: 6.083
[9,  1000] loss: 8.245
[10,   200] loss: 7.866
[10,   400] loss: 6.093
[10,   600] loss: 6.212
[10,   800] loss: 6.088
[10,  1000] loss: 7.860
[11,   200] loss: 7.240
[11,   400] loss: 5.956
[11,   600] loss: 6.042
[11,   800] loss: 5.361
[11,  1000] loss: 6.942
[12,   200] loss: 6.608
[12,   400] loss: 5.703
[12,   600] loss: 5.878
[12,   800] loss: 5.266
[12,  1000] loss: 6.540
[13,   200] loss: 6.394
[13,   400] loss: 5.621
[13,   600] loss: 5.594
[13,   800] loss: 5.184
[13,  1000] loss: 6.091
[14,   200] loss: 6.011
[14,   400] loss: 5.591
[14,   600] loss: 5.546
[14,   800] loss: 4.907
[14,  1000] loss: 6.130
[15,   200] loss: 5.889
[15,   400] loss: 5.476
[15,   600] loss: 5.642
[15,   800] loss: 4.987
[15,  1000] loss: 5.777
[16,   200] loss: 5.779
[16,   400] loss: 5.387
[16,   600] loss: 5.364
[16,   800] loss: 4.870
[16,  1000] loss: 5.424
[17,   200] loss: 5.602
[17,   400] loss: 5.256
[17,   600] loss: 5.388
[17,   800] loss: 4.901
[17,  1000] loss: 5.376
[18,   200] loss: 5.157
[18,   400] loss: 4.983
[18,   600] loss: 5.133
[18,   800] loss: 4.589
[18,  1000] loss: 5.184
[19,   200] loss: 4.978
[19,   400] loss: 5.074
[19,   600] loss: 5.124
[19,   800] loss: 4.709
[19,  1000] loss: 5.016
[20,   200] loss: 5.102
[20,   400] loss: 5.044
[20,   600] loss: 4.966
[20,   800] loss: 4.862
[20,  1000] loss: 5.043
[21,   200] loss: 4.905
[21,   400] loss: 4.943
[21,   600] loss: 4.859
[21,   800] loss: 4.696
[21,  1000] loss: 4.894
[22,   200] loss: 4.848
[22,   400] loss: 4.975
[22,   600] loss: 4.866
[22,   800] loss: 4.620
[22,  1000] loss: 5.174
[23,   200] loss: 5.062
[23,   400] loss: 4.984
[23,   600] loss: 4.858
[23,   800] loss: 4.601
[23,  1000] loss: 5.362
[24,   200] loss: 5.200
[24,   400] loss: 5.031
[24,   600] loss: 4.969
[24,   800] loss: 4.774
[24,  1000] loss: 5.276
[25,   200] loss: 4.945
[25,   400] loss: 5.208
[25,   600] loss: 4.739
[25,   800] loss: 4.596
[25,  1000] loss: 5.412
[26,   200] loss: 5.168
[26,   400] loss: 5.070
[26,   600] loss: 4.850
[26,   800] loss: 4.644
[26,  1000] loss: 5.310
[27,   200] loss: 4.900
[27,   400] loss: 4.873
[27,   600] loss: 4.601
[27,   800] loss: 4.435
[27,  1000] loss: 4.976
[28,   200] loss: 4.607
[28,   400] loss: 4.632
[28,   600] loss: 4.597
[28,   800] loss: 4.367
[28,  1000] loss: 4.626
[29,   200] loss: 4.534
[29,   400] loss: 4.685
[29,   600] loss: 4.453
[29,   800] loss: 4.449
[29,  1000] loss: 4.476
[30,   200] loss: 4.395
[30,   400] loss: 4.588
[30,   600] loss: 4.453
[30,   800] loss: 4.406
[30,  1000] loss: 4.582
[31,   200] loss: 4.427
[31,   400] loss: 4.612
[31,   600] loss: 4.348
[31,   800] loss: 4.284
